20661,47899